[* 5,
    []
*]
[* 13,
    []
*]
[* 29,
    [ 24 ]
*]
[* 37,
    [ 3, 11, 31 ]
*]
[* 53,
    [ 9, 24, 29, 40, 40, 40, 52 ]
*]
[* 61,
    [ 5, 13, 32, 33, 33, 42, 49, 51, 52 ]
*]
[* 101,
    [ 2, 4, 4, 6, 8, 14, 14, 26, 42, 47, 47, 52, 69, 74, 89, 93, 94, 97, 98 ]
*]
[* 109,
    [ 13, 22, 24, 25, 27, 30, 36, 42, 54, 61, 67, 68, 73, 73, 73, 84, 85, 97, 
    103, 106, 107 ]
*]
[* 149,
    [ 3, 6, 19, 20, 25, 27, 32, 32, 39, 46, 48, 54, 55, 62, 63, 66, 66, 69, 71, 
    71, 82, 87, 88, 93, 102, 103, 111, 120, 139, 144, 146 ]
*]
[* 157,
    [ 1, 10, 12, 13, 17, 25, 25, 36, 50, 51, 53, 53, 55, 58, 59, 65, 65, 71, 77,
    86, 96, 101, 107, 113, 115, 117, 126, 126, 127, 135, 150, 151, 154 ]
*]
[* 173,
    [ 0, 12, 28, 29, 39, 40, 51, 54, 63, 65, 71, 72, 73, 82, 87, 94, 103, 106, 
    107, 112, 119, 120, 125, 128, 130, 137, 137, 146, 147, 151, 151, 152, 156, 
    162, 163, 163, 167 ]
*]
[* 181,
    [ 7, 21, 23, 27, 28, 30, 30, 31, 32, 37, 45, 53, 55, 63, 68, 69, 70, 71, 72,
    79, 79, 83, 84, 93, 97, 100, 104, 114, 116, 120, 124, 131, 132, 141, 158, 
    172, 173, 178, 179 ]
*]
[* 197,
    [ 9, 10, 28, 30, 32, 36, 48, 52, 63, 70, 70, 71, 72, 75, 75, 81, 85, 89, 90,
    93, 95, 98, 100, 115, 124, 130, 132, 133, 139, 147, 151, 157, 163, 164, 168,
    175, 180, 185, 188, 188, 190, 192, 195 ]
*]
[* 229,
    [ 1, 6, 7, 25, 26, 33, 37, 39, 43, 47, 51, 62, 67, 74, 75, 80, 83, 87, 90, 
    93, 93, 94, 94, 99, 111, 114, 116, 122, 144, 147, 153, 153, 153, 156, 162, 
    164, 165, 172, 175, 179, 189, 195, 195, 196, 198, 203, 211, 216, 224, 226, 
    228 ]
*]
[* 269,
    [ 0, 2, 4, 8, 11, 12, 14, 16, 22, 25, 25, 31, 34, 37, 46, 48, 61, 62, 67, 
    71, 73, 74, 76, 84, 85, 86, 90, 90, 105, 106, 107, 109, 111, 116, 120, 127, 
    136, 160, 168, 190, 197, 198, 199, 203, 204, 204, 204, 205, 208, 210, 226, 
    229, 231, 236, 248, 253, 253, 258, 259, 263, 267 ]
*]
[* 277,
    [ 0, 7, 7, 10, 13, 17, 20, 23, 31, 31, 45, 53, 53, 63, 65, 72, 74, 75, 77, 
    78, 79, 89, 92, 97, 97, 101, 116, 122, 131, 141, 148, 148, 152, 154, 156, 
    163, 166, 177, 180, 180, 189, 191, 192, 194, 199, 200, 203, 207, 208, 216, 
    224, 228, 230, 230, 234, 238, 239, 240, 241, 256, 256, 264, 266 ]
*]
[* 293,
    [ 1, 2, 3, 6, 9, 21, 22, 32, 36, 37, 46, 56, 65, 66, 67, 67, 68, 69, 70, 70,
    81, 82, 83, 84, 88, 90, 96, 97, 104, 107, 113, 113, 118, 122, 126, 137, 137,
    139, 140, 145, 152, 153, 166, 176, 177, 185, 198, 207, 216, 220, 228, 231, 
    234, 238, 250, 252, 257, 258, 259, 259, 264, 266, 276, 277, 284, 285, 287 ]
*]
[* 317,
    [ 1, 12, 13, 15, 17, 36, 40, 42, 43, 50, 52, 56, 57, 58, 63, 68, 68, 71, 76,
    78, 83, 89, 91, 94, 96, 97, 104, 110, 111, 119, 125, 126, 126, 127, 130, 
    132, 143, 143, 151, 152, 157, 167, 181, 184, 188, 191, 191, 195, 218, 225, 
    228, 230, 239, 243, 245, 246, 248, 252, 254, 274, 279, 282, 285, 290, 291, 
    293, 295, 297, 303, 305, 307, 310, 316 ]
*]
[* 349,
    [ 3, 5, 9, 13, 16, 18, 23, 23, 24, 31, 34, 35, 43, 51, 59, 69, 74, 80, 94, 
    101, 112, 126, 132, 141, 142, 145, 146, 147, 150, 153, 153, 153, 160, 162, 
    163, 163, 167, 169, 178, 180, 189, 195, 196, 197, 200, 207, 210, 216, 216, 
    219, 227, 229, 236, 236, 236, 241, 244, 259, 260, 261, 262, 265, 270, 272, 
    272, 274, 279, 298, 305, 306, 312, 317, 325, 332, 337, 339, 340, 341, 345, 
    346, 348 ]
*]
[* 373,
    [ 7, 31, 39, 42, 42, 45, 48, 56, 57, 63, 63, 65, 71, 75, 88, 89, 92, 92, 94,
    96, 96, 98, 105, 107, 108, 110, 114, 126, 126, 129, 133, 142, 149, 155, 157,
    162, 163, 172, 175, 179, 180, 183, 188, 190, 205, 208, 209, 222, 222, 226, 
    227, 229, 233, 234, 240, 241, 243, 243, 246, 247, 253, 256, 257, 261, 263, 
    296, 296, 309, 310, 312, 313, 318, 318, 320, 326, 331, 332, 334, 345, 346, 
    350, 357, 365, 365, 365, 369, 371 ]
*]
[* 389,
    [ 5, 7, 11, 14, 16, 18, 29, 30, 30, 40, 43, 44, 44, 50, 56, 59, 62, 67, 75, 
    76, 82, 87, 92, 93, 102, 103, 104, 113, 115, 119, 120, 126, 131, 134, 151, 
    153, 157, 157, 166, 167, 170, 178, 181, 182, 182, 182, 184, 186, 188, 195, 
    200, 201, 214, 217, 218, 218, 221, 229, 233, 242, 242, 243, 247, 247, 251, 
    254, 261, 273, 274, 276, 280, 281, 283, 287, 288, 293, 304, 305, 305, 317, 
    333, 333, 333, 334, 338, 340, 341, 374, 381, 383, 388 ]
*]
[* 397,
    [ 12, 12, 14, 17, 18, 29, 29, 41, 42, 42, 48, 49, 54, 57, 57, 65, 67, 67, 
    77, 82, 82, 88, 100, 107, 112, 113, 116, 117, 133, 135, 135, 136, 138, 138, 
    138, 143, 144, 146, 149, 150, 154, 154, 155, 160, 164, 168, 193, 201, 207, 
    208, 212, 215, 223, 228, 233, 242, 252, 252, 254, 259, 268, 272, 273, 275, 
    281, 281, 292, 301, 303, 304, 304, 309, 313, 315, 326, 331, 333, 336, 341, 
    342, 344, 345, 348, 349, 350, 351, 367, 373, 375, 376, 382, 388, 390 ]
*]
[* 421,
    [ 10, 12, 21, 21, 22, 23, 26, 29, 38, 39, 59, 64, 64, 78, 87, 100, 104, 111,
    113, 119, 130, 132, 136, 138, 139, 139, 139, 146, 150, 151, 156, 158, 163, 
    163, 173, 177, 178, 178, 188, 191, 193, 194, 194, 197, 197, 205, 213, 217, 
    219, 221, 227, 228, 229, 235, 237, 244, 250, 253, 255, 258, 280, 281, 281, 
    287, 293, 306, 321, 323, 327, 329, 331, 333, 340, 347, 353, 354, 357, 358, 
    360, 364, 366, 367, 371, 373, 379, 383, 388, 394, 395, 396, 401, 401, 401, 
    402, 403, 405, 406, 410, 414 ]
*]
[* 461,
    [ 1, 5, 16, 18, 24, 31, 38, 38, 39, 50, 58, 63, 63, 68, 71, 77, 92, 93, 101,
    105, 111, 111, 111, 119, 124, 124, 127, 129, 141, 143, 148, 151, 153, 154, 
    162, 170, 174, 179, 183, 186, 193, 197, 210, 219, 224, 230, 231, 236, 237, 
    238, 239, 243, 244, 244, 244, 250, 253, 256, 257, 268, 270, 271, 283, 283, 
    291, 294, 295, 298, 299, 303, 303, 314, 317, 327, 331, 332, 334, 340, 341, 
    346, 349, 354, 366, 367, 369, 369, 373, 383, 385, 389, 396, 401, 403, 406, 
    411, 412, 414, 419, 422, 424, 425, 430, 443, 444, 447, 450, 455, 460, 460 ]
*]
[* 509,
    [ 10, 15, 17, 18, 24, 26, 29, 30, 30, 33, 56, 60, 62, 65, 70, 72, 73, 74, 
    81, 99, 104, 104, 106, 110, 111, 112, 113, 115, 115, 119, 127, 127, 137, 
    139, 140, 141, 142, 150, 152, 153, 157, 157, 160, 162, 168, 172, 174, 179, 
    182, 183, 187, 200, 203, 204, 210, 217, 217, 233, 235, 235, 245, 247, 258, 
    259, 275, 286, 289, 291, 296, 298, 298, 299, 301, 302, 304, 313, 315, 320, 
    324, 331, 333, 334, 335, 338, 341, 345, 346, 350, 350, 357, 360, 361, 362, 
    371, 379, 385, 390, 392, 397, 406, 413, 417, 417, 420, 430, 437, 438, 438, 
    440, 444, 447, 463, 475, 479, 483, 484, 488, 492, 499, 504, 508 ]
*]
[* 541,
    [ 5, 7, 21, 26, 54, 56, 60, 66, 76, 77, 78, 79, 86, 106, 113, 114, 115, 117,
    122, 127, 133, 136, 137, 141, 159, 160, 168, 170, 170, 171, 173, 174, 178, 
    184, 185, 192, 200, 206, 207, 214, 215, 217, 220, 228, 236, 237, 245, 249, 
    251, 258, 258, 266, 282, 285, 288, 289, 291, 295, 301, 308, 314, 317, 320, 
    321, 325, 328, 329, 332, 333, 338, 341, 342, 349, 349, 352, 359, 360, 360, 
    369, 380, 383, 387, 389, 391, 392, 396, 398, 399, 399, 401, 421, 424, 427, 
    440, 443, 448, 450, 452, 455, 460, 461, 462, 462, 463, 463, 464, 465, 467, 
    468, 468, 469, 471, 474, 479, 480, 481, 488, 492, 505, 507, 513, 520, 523, 
    525, 530, 530, 534, 536, 538 ]
*]
[* 557,
    [ 7, 9, 13, 15, 20, 21, 23, 27, 27, 28, 33, 46, 47, 48, 49, 54, 54, 59, 65, 
    75, 77, 78, 79, 82, 88, 91, 98, 99, 101, 106, 109, 110, 111, 112, 119, 121, 
    125, 140, 146, 147, 148, 149, 152, 155, 159, 164, 189, 190, 204, 209, 218, 
    219, 221, 224, 225, 230, 231, 237, 240, 251, 253, 253, 256, 262, 266, 267, 
    280, 282, 285, 288, 290, 291, 293, 300, 306, 309, 313, 318, 320, 322, 326, 
    330, 332, 344, 345, 348, 362, 363, 367, 368, 371, 376, 382, 390, 391, 396, 
    399, 401, 432, 434, 456, 457, 465, 465, 467, 471, 472, 475, 475, 478, 478, 
    483, 484, 486, 487, 488, 492, 498, 500, 507, 508, 508, 513, 519, 527, 529, 
    531, 531, 533, 542, 542, 554, 556 ]
*]
[* 613,
    [ 1, 2, 2, 4, 5, 12, 13, 15, 17, 20, 21, 25, 30, 32, 35, 37, 52, 70, 72, 88,
    91, 94, 96, 108, 109, 112, 114, 116, 117, 129, 132, 141, 141, 143, 145, 149,
    149, 155, 159, 159, 162, 165, 169, 178, 182, 184, 186, 190, 191, 203, 205, 
    211, 216, 218, 224, 228, 235, 239, 241, 242, 245, 250, 255, 260, 269, 280, 
    285, 288, 292, 293, 296, 310, 315, 323, 331, 335, 338, 341, 348, 349, 350, 
    361, 369, 380, 381, 398, 412, 416, 420, 422, 435, 437, 438, 439, 445, 449, 
    455, 457, 463, 464, 465, 468, 469, 477, 490, 491, 491, 491, 492, 493, 494, 
    495, 498, 499, 500, 502, 503, 504, 510, 512, 516, 518, 522, 526, 526, 531, 
    532, 534, 540, 541, 542, 546, 547, 553, 558, 572, 575, 576, 580, 584, 585, 
    587, 594, 605, 607, 608, 611 ]
*]
[* 653,
    [ 0, 6, 11, 22, 25, 27, 31, 33, 37, 38, 41, 54, 58, 60, 63, 67, 71, 72, 78, 
    87, 87, 115, 116, 117, 118, 121, 121, 126, 127, 128, 128, 133, 139, 142, 
    145, 154, 154, 162, 162, 164, 164, 165, 174, 179, 180, 183, 196, 197, 199, 
    203, 216, 225, 226, 229, 235, 240, 245, 257, 262, 263, 266, 266, 271, 273, 
    278, 280, 281, 282, 288, 291, 297, 307, 309, 311, 313, 316, 318, 323, 328, 
    338, 350, 352, 355, 356, 359, 367, 367, 369, 372, 373, 381, 384, 385, 394, 
    397, 401, 404, 413, 417, 421, 426, 428, 429, 430, 436, 441, 443, 452, 461, 
    466, 466, 472, 473, 474, 475, 478, 487, 487, 489, 496, 496, 497, 498, 501, 
    502, 506, 507, 509, 530, 539, 541, 543, 548, 550, 552, 557, 561, 562, 562, 
    563, 566, 571, 574, 576, 577, 586, 589, 590, 599, 608, 613, 619, 625, 639, 
    643, 644, 651 ]
*]
[* 661,
    [ 5, 6, 11, 15, 17, 21, 22, 23, 27, 28, 28, 33, 35, 45, 45, 46, 49, 50, 58, 
    69, 69, 70, 92, 97, 106, 119, 124, 142, 145, 149, 153, 157, 171, 173, 176, 
    179, 184, 184, 191, 193, 195, 197, 203, 203, 203, 216, 217, 222, 226, 236, 
    236, 241, 242, 242, 249, 252, 253, 256, 257, 261, 263, 270, 286, 287, 289, 
    294, 294, 297, 307, 328, 331, 334, 335, 349, 353, 355, 356, 358, 361, 362, 
    369, 371, 381, 381, 383, 384, 385, 389, 393, 394, 394, 400, 404, 404, 408, 
    408, 409, 410, 423, 434, 445, 451, 466, 472, 473, 475, 481, 483, 484, 487, 
    492, 493, 494, 499, 500, 504, 504, 507, 509, 512, 523, 527, 536, 538, 538, 
    538, 538, 538, 540, 543, 546, 547, 552, 552, 564, 568, 568, 568, 569, 574, 
    577, 580, 581, 585, 587, 589, 591, 596, 604, 606, 620, 621, 626, 640, 645, 
    649, 652, 657, 660 ]
*]
