[* 3,
    []
*]
[* 11,
    []
*]
[* 19,
    []
*]
[* 43,
    [ 31, 33, 35, 40 ]
*]
[* 59,
    [ 0, 4, 9, 10, 11, 14, 23, 53 ]
*]
[* 67,
    [ 6, 11, 11, 18, 25, 28, 42, 44, 58, 64 ]
*]
[* 83,
    [ 2, 13, 20, 28, 39, 43, 44, 58, 60, 71, 74, 76, 76, 77 ]
*]
[* 107,
    [ 0, 2, 15, 17, 23, 31, 34, 36, 37, 40, 40, 56, 57, 58, 62, 73, 80, 81, 103,
    106 ]
*]
[* 131,
    [ 0, 1, 6, 9, 11, 16, 21, 30, 33, 39, 46, 52, 54, 54, 55, 58, 59, 64, 68, 
    78, 100, 101, 108, 111, 114, 118 ]
*]
[* 139,
    [ 0, 5, 10, 24, 30, 36, 41, 60, 60, 63, 70, 73, 75, 77, 79, 79, 87, 90, 96, 
    99, 111, 114, 115, 123, 124, 132, 132, 137 ]
*]
[* 163,
    [ 10, 22, 37, 37, 44, 46, 47, 47, 64, 76, 77, 78, 79, 85, 101, 105, 110, 
    114, 117, 122, 126, 131, 135, 137, 139, 140, 145, 146, 148, 150, 151, 153, 
    158, 162 ]
*]
[* 179,
    [ 2, 3, 6, 10, 11, 12, 24, 26, 28, 28, 33, 34, 44, 53, 57, 60, 62, 64, 70, 
    72, 74, 77, 81, 87, 94, 99, 103, 110, 119, 126, 126, 127, 139, 155, 155, 
    158, 160, 171 ]
*]
[* 211,
    [ 5, 7, 11, 11, 16, 16, 19, 22, 24, 28, 30, 33, 37, 37, 38, 39, 39, 40, 44, 
    44, 48, 69, 77, 82, 90, 91, 105, 106, 107, 110, 130, 132, 140, 148, 167, 
    169, 181, 183, 185, 187, 189, 192, 196, 200, 204, 208 ]
*]
[* 227,
    [ 3, 7, 13, 18, 20, 25, 27, 31, 35, 38, 39, 42, 43, 45, 51, 57, 73, 73, 74, 
    75, 78, 82, 84, 96, 97, 100, 113, 116, 121, 122, 128, 136, 136, 140, 151, 
    155, 164, 166, 176, 180, 181, 181, 191, 193, 198, 201, 202, 204, 206, 206 ]
*]
[* 251,
    [ 12, 15, 22, 41, 41, 45, 46, 47, 50, 61, 61, 64, 64, 66, 71, 72, 73, 75, 
    99, 103, 104, 116, 118, 119, 125, 131, 132, 142, 152, 155, 158, 159, 159, 
    161, 166, 169, 171, 175, 175, 176, 177, 186, 189, 193, 220, 222, 230, 232, 
    232, 232, 239, 241, 242, 245, 245, 247 ]
*]
[* 283,
    [ 0, 1, 2, 3, 14, 18, 33, 39, 42, 46, 47, 49, 51, 54, 57, 62, 67, 73, 74, 
    74, 76, 76, 80, 82, 91, 96, 98, 100, 106, 108, 116, 117, 120, 123, 128, 131,
    134, 135, 136, 146, 155, 156, 170, 180, 180, 183, 184, 195, 196, 197, 199, 
    201, 220, 236, 243, 257, 258, 259, 260, 265, 276, 276, 280, 280 ]
*]
[* 307,
    [ 0, 4, 6, 8, 12, 14, 15, 16, 32, 36, 40, 43, 46, 47, 54, 62, 82, 89, 89, 
    93, 118, 127, 134, 135, 139, 140, 141, 146, 146, 147, 148, 156, 156, 156, 
    158, 162, 163, 167, 170, 174, 177, 182, 207, 210, 215, 216, 217, 217, 221, 
    224, 225, 226, 233, 235, 241, 245, 260, 266, 266, 269, 271, 277, 280, 280, 
    282, 283, 285, 288, 289, 301 ]
*]
[* 331,
    [ 0, 4, 8, 13, 21, 28, 34, 38, 39, 46, 46, 57, 59, 77, 80, 85, 89, 93, 108, 
    110, 115, 116, 122, 124, 131, 132, 137, 139, 142, 143, 144, 147, 157, 160, 
    166, 166, 166, 176, 181, 183, 186, 186, 190, 190, 191, 191, 205, 207, 212, 
    214, 215, 217, 217, 218, 219, 235, 248, 248, 249, 260, 273, 275, 278, 283, 
    283, 298, 299, 300, 302, 303, 311, 318, 320, 322, 327, 329 ]
*]
[* 347,
    [ 7, 10, 12, 12, 27, 37, 37, 41, 50, 51, 52, 63, 66, 78, 80, 85, 87, 89, 
    101, 104, 111, 113, 114, 116, 117, 120, 125, 129, 131, 160, 160, 161, 162, 
    166, 167, 174, 178, 180, 180, 185, 187, 187, 190, 190, 196, 198, 203, 207, 
    215, 224, 224, 227, 232, 232, 234, 234, 235, 238, 246, 250, 268, 272, 283, 
    283, 286, 289, 292, 293, 296, 299, 301, 302, 304, 313, 320, 322, 329, 333, 
    337, 337 ]
*]
[* 379,
    [ 0, 2, 4, 11, 15, 19, 26, 26, 30, 34, 37, 40, 41, 42, 44, 45, 45, 46, 46, 
    54, 55, 55, 58, 65, 67, 70, 70, 85, 87, 91, 101, 101, 114, 114, 115, 115, 
    127, 129, 132, 135, 140, 155, 162, 171, 186, 193, 195, 202, 205, 210, 210, 
    216, 219, 227, 231, 237, 246, 253, 256, 259, 266, 273, 273, 273, 288, 290, 
    291, 291, 294, 299, 300, 302, 305, 305, 306, 314, 321, 327, 332, 334, 335, 
    335, 337, 369, 371, 373, 375, 376 ]
*]
[* 419,
    [ 0, 1, 13, 27, 29, 49, 50, 50, 60, 62, 72, 86, 88, 89, 93, 96, 97, 97, 99, 
    101, 113, 120, 136, 140, 144, 150, 151, 163, 165, 166, 166, 168, 170, 176, 
    177, 178, 179, 180, 193, 200, 214, 215, 220, 221, 224, 225, 225, 226, 226, 
    232, 232, 236, 238, 239, 241, 243, 244, 252, 254, 255, 258, 260, 268, 274, 
    278, 293, 306, 310, 310, 311, 323, 330, 332, 333, 338, 344, 344, 351, 352, 
    360, 362, 367, 370, 372, 373, 373, 381, 386, 391, 392, 394, 395, 396, 397, 
    410, 412, 414, 417 ]
*]
[* 443,
    [ 3, 3, 9, 13, 23, 27, 28, 29, 30, 38, 40, 41, 41, 50, 52, 59, 65, 66, 71, 
    71, 76, 80, 85, 85, 96, 96, 101, 104, 107, 108, 112, 113, 116, 116, 118, 
    123, 126, 126, 128, 132, 135, 135, 136, 142, 149, 152, 158, 158, 167, 168, 
    169, 170, 172, 184, 185, 198, 202, 206, 208, 208, 215, 218, 222, 222, 236, 
    240, 243, 274, 280, 289, 293, 295, 300, 300, 305, 314, 315, 315, 316, 316, 
    324, 329, 335, 344, 348, 349, 355, 359, 372, 377, 381, 386, 390, 392, 402, 
    402, 407, 407, 410, 415, 417, 420, 431, 434 ]
*]
[* 467,
    [ 10, 11, 13, 14, 14, 16, 16, 16, 17, 18, 21, 22, 23, 27, 30, 34, 36, 38, 
    41, 46, 49, 51, 53, 57, 60, 64, 76, 77, 78, 84, 87, 92, 93, 97, 109, 112, 
    116, 132, 151, 153, 155, 156, 177, 179, 198, 199, 201, 217, 219, 224, 226, 
    228, 230, 236, 240, 242, 250, 254, 255, 260, 262, 271, 284, 288, 288, 289, 
    293, 305, 305, 307, 310, 313, 319, 319, 326, 327, 332, 336, 336, 337, 340, 
    346, 352, 373, 376, 376, 384, 385, 389, 393, 396, 399, 400, 402, 402, 411, 
    415, 416, 419, 420, 423, 424, 432, 434, 447, 455, 456, 462, 464, 466 ]
*]
[* 491,
    [ 0, 1, 6, 7, 15, 18, 18, 25, 28, 31, 36, 49, 53, 56, 58, 62, 65, 67, 72, 
    74, 79, 79, 85, 87, 92, 95, 112, 113, 114, 129, 130, 132, 136, 149, 150, 
    157, 157, 157, 160, 161, 164, 165, 171, 177, 183, 186, 196, 196, 222, 224, 
    230, 231, 245, 259, 259, 270, 282, 283, 284, 285, 291, 292, 292, 299, 300, 
    307, 309, 313, 319, 320, 320, 325, 326, 328, 336, 338, 338, 344, 348, 352, 
    354, 361, 374, 376, 387, 390, 392, 395, 396, 404, 405, 407, 409, 410, 411, 
    414, 420, 421, 421, 423, 429, 431, 437, 437, 438, 441, 443, 447, 448, 459, 
    464, 467, 478, 483, 486, 489 ]
*]
[* 499,
    [ 0, 11, 12, 23, 36, 45, 45, 52, 62, 66, 70, 78, 78, 82, 82, 83, 85, 85, 
    104, 109, 113, 114, 128, 130, 132, 134, 136, 140, 140, 141, 146, 147, 150, 
    152, 158, 165, 166, 168, 173, 175, 179, 183, 184, 195, 198, 198, 200, 205, 
    213, 221, 224, 234, 239, 245, 246, 247, 248, 259, 267, 272, 277, 281, 286, 
    287, 288, 289, 293, 295, 297, 298, 298, 300, 300, 301, 305, 306, 310, 313, 
    316, 320, 322, 330, 338, 349, 354, 360, 363, 367, 368, 372, 377, 378, 383, 
    391, 393, 401, 402, 413, 430, 433, 443, 445, 446, 447, 447, 448, 455, 459, 
    461, 471, 471, 476, 478, 478, 479, 484, 487, 491 ]
*]
[* 523,
    [ 2, 4, 13, 16, 20, 25, 30, 31, 33, 37, 43, 44, 45, 52, 54, 55, 56, 56, 63, 
    64, 65, 71, 79, 80, 82, 83, 83, 84, 91, 95, 97, 100, 102, 114, 120, 123, 
    123, 124, 127, 141, 145, 155, 159, 162, 164, 165, 170, 174, 175, 184, 191, 
    192, 193, 205, 205, 207, 208, 209, 209, 214, 222, 235, 241, 242, 247, 256, 
    256, 257, 285, 288, 293, 294, 294, 303, 304, 309, 312, 314, 318, 325, 344, 
    346, 346, 348, 357, 361, 367, 370, 375, 376, 381, 384, 387, 388, 392, 395, 
    398, 401, 407, 409, 410, 431, 433, 435, 437, 437, 438, 443, 446, 450, 451, 
    452, 458, 460, 471, 476, 476, 478, 479, 484, 486, 492, 510, 513 ]
*]
[* 547,
    [ 1, 3, 7, 9, 10, 19, 19, 21, 21, 26, 26, 39, 40, 46, 51, 51, 66, 77, 78, 
    79, 80, 84, 84, 87, 92, 94, 104, 106, 108, 110, 113, 114, 118, 126, 143, 
    158, 160, 163, 169, 169, 174, 182, 193, 194, 201, 204, 205, 214, 215, 216, 
    217, 220, 222, 223, 224, 225, 232, 253, 270, 277, 278, 281, 288, 289, 292, 
    294, 303, 304, 307, 307, 321, 322, 323, 333, 333, 336, 344, 348, 359, 364, 
    374, 379, 384, 395, 396, 398, 400, 407, 414, 416, 418, 418, 419, 419, 422, 
    423, 426, 426, 441, 445, 445, 450, 453, 458, 466, 469, 472, 473, 476, 481, 
    495, 495, 496, 498, 503, 504, 504, 504, 506, 511, 516, 518, 520, 523, 525, 
    526, 529, 538, 540, 541 ]
*]
[* 563,
    [ 6, 7, 10, 11, 15, 16, 18, 21, 28, 33, 33, 40, 40, 40, 46, 53, 54, 55, 63, 
    64, 72, 84, 92, 96, 97, 99, 103, 110, 113, 122, 122, 128, 140, 144, 146, 
    148, 156, 158, 169, 177, 179, 186, 188, 202, 223, 225, 228, 229, 234, 234, 
    236, 244, 245, 250, 257, 258, 259, 260, 261, 263, 273, 278, 285, 287, 287, 
    292, 293, 294, 297, 297, 300, 300, 308, 310, 313, 314, 317, 319, 328, 330, 
    334, 338, 340, 341, 343, 346, 348, 353, 360, 362, 363, 368, 381, 396, 399, 
    402, 405, 409, 413, 423, 429, 450, 450, 454, 454, 457, 460, 461, 466, 479, 
    481, 485, 488, 493, 495, 498, 500, 500, 501, 502, 506, 506, 509, 518, 532, 
    536, 540, 541, 545, 546, 551, 554, 556, 562 ]
*]
[* 571,
    [ 5, 8, 22, 28, 28, 29, 29, 31, 36, 40, 40, 51, 53, 57, 65, 67, 68, 68, 69, 
    76, 83, 84, 108, 108, 113, 132, 134, 139, 140, 154, 157, 157, 157, 161, 163,
    164, 169, 173, 174, 180, 180, 182, 190, 193, 201, 205, 205, 207, 212, 213, 
    222, 227, 233, 235, 237, 241, 242, 243, 248, 250, 253, 255, 268, 271, 272, 
    277, 278, 287, 289, 303, 303, 307, 310, 322, 328, 329, 330, 332, 333, 335, 
    336, 338, 354, 369, 381, 383, 384, 396, 396, 399, 404, 404, 405, 406, 411, 
    423, 425, 442, 452, 454, 458, 458, 463, 463, 465, 466, 470, 470, 474, 475, 
    476, 476, 479, 484, 498, 500, 501, 504, 504, 512, 517, 522, 529, 532, 533, 
    537, 540, 541, 543, 548, 551, 557, 561, 561, 565, 568 ]
*]
[* 587,
    [ 11, 26, 34, 35, 41, 43, 44, 55, 55, 58, 58, 61, 62, 73, 73, 78, 78, 79, 
    88, 93, 97, 99, 100, 104, 108, 118, 121, 127, 127, 131, 136, 146, 149, 150, 
    150, 153, 154, 159, 163, 164, 166, 168, 177, 178, 184, 190, 190, 192, 200, 
    209, 209, 211, 213, 223, 224, 225, 225, 226, 231, 233, 236, 250, 251, 255, 
    261, 263, 265, 278, 281, 282, 282, 288, 293, 297, 297, 299, 299, 303, 305, 
    307, 307, 311, 318, 336, 337, 338, 349, 350, 353, 355, 355, 362, 369, 370, 
    377, 392, 398, 410, 415, 417, 418, 420, 426, 427, 433, 438, 451, 456, 456, 
    456, 457, 481, 487, 494, 494, 499, 505, 509, 510, 512, 518, 519, 520, 528, 
    530, 530, 535, 536, 538, 548, 554, 555, 557, 563, 569, 570, 573, 575, 580, 
    583 ]
*]
[* 619,
    [ 1, 1, 2, 3, 5, 12, 13, 15, 19, 35, 38, 40, 40, 41, 43, 47, 50, 51, 58, 59,
    61, 62, 65, 66, 69, 70, 71, 74, 84, 91, 94, 114, 115, 118, 121, 123, 123, 
    128, 132, 133, 141, 141, 146, 147, 155, 157, 159, 159, 164, 172, 172, 173, 
    180, 183, 189, 204, 206, 211, 213, 213, 214, 220, 225, 241, 251, 252, 261, 
    266, 270, 273, 281, 290, 291, 294, 300, 300, 303, 306, 312, 315, 315, 321, 
    324, 330, 331, 333, 336, 341, 344, 349, 351, 356, 370, 372, 376, 379, 382, 
    384, 397, 398, 412, 414, 416, 418, 429, 437, 441, 443, 448, 449, 452, 458, 
    460, 471, 478, 482, 484, 487, 497, 498, 501, 507, 520, 526, 528, 528, 534, 
    549, 553, 553, 560, 574, 577, 579, 583, 584, 586, 589, 590, 591, 593, 595, 
    597, 599, 599, 613, 614, 618 ]
*]
[* 643,
    [ 2, 4, 7, 7, 11, 12, 13, 14, 17, 21, 22, 26, 31, 35, 38, 40, 42, 47, 49, 
    52, 54, 58, 64, 65, 66, 71, 71, 73, 75, 75, 77, 77, 82, 92, 95, 98, 100, 
    100, 115, 119, 122, 124, 125, 127, 136, 144, 149, 169, 170, 172, 180, 181, 
    181, 186, 191, 194, 195, 205, 206, 211, 216, 216, 219, 222, 229, 233, 236, 
    245, 246, 249, 257, 261, 261, 261, 270, 270, 270, 272, 273, 273, 275, 279, 
    284, 286, 304, 305, 309, 312, 329, 331, 341, 344, 349, 356, 363, 364, 366, 
    377, 380, 380, 388, 405, 407, 415, 452, 456, 468, 470, 471, 482, 483, 484, 
    486, 492, 493, 498, 505, 508, 508, 509, 516, 528, 529, 531, 534, 536, 542, 
    543, 547, 547, 550, 551, 552, 565, 570, 591, 595, 597, 600, 606, 610, 610, 
    611, 615, 616, 618, 619, 623, 624, 624, 626, 627, 641, 641 ]
*]
