[* 17,
    []
*]
[* 41,
    [ 11, 15, 17, 30 ]
*]
[* 73,
    [ 3, 4, 13, 17, 18, 22, 28, 49, 56, 67, 67, 72 ]
*]
[* 89,
    [ 7, 8, 10, 11, 29, 30, 43, 51, 52, 55, 56, 59, 62, 62, 75, 84 ]
*]
[* 97,
    [ 9, 11, 13, 13, 15, 16, 20, 23, 26, 33, 35, 38, 53, 67, 79, 85, 87, 93 ]
*]
[* 113,
    [ 2, 2, 7, 7, 15, 22, 28, 29, 29, 30, 31, 42, 49, 64, 81, 83, 90, 92, 96, 
    96, 105, 110 ]
*]
[* 137,
    [ 2, 4, 6, 13, 21, 23, 26, 27, 38, 45, 52, 57, 77, 80, 80, 80, 86, 93, 99, 
    103, 105, 106, 108, 117, 122, 123, 128, 131 ]
*]
[* 193,
    [ 0, 2, 7, 15, 16, 20, 24, 25, 26, 26, 29, 37, 37, 48, 52, 56, 59, 60, 78, 
    81, 91, 95, 108, 110, 112, 116, 119, 119, 121, 128, 128, 142, 146, 149, 161,
    164, 167, 169, 170, 173, 180, 185 ]
*]
[* 233,
    [ 2, 2, 10, 16, 17, 21, 21, 25, 32, 33, 44, 55, 57, 61, 63, 64, 68, 82, 83, 
    87, 91, 100, 104, 105, 107, 108, 111, 113, 117, 120, 133, 140, 144, 144, 
    145, 146, 146, 148, 153, 160, 163, 167, 180, 185, 187, 191, 197, 207, 208, 
    222, 226, 231 ]
*]
[* 241,
    [ 13, 27, 27, 29, 36, 38, 39, 43, 48, 49, 54, 55, 55, 57, 65, 76, 80, 93, 
    94, 96, 96, 98, 108, 111, 114, 122, 122, 123, 123, 124, 133, 134, 137, 144, 
    147, 147, 153, 154, 155, 164, 165, 165, 171, 174, 182, 191, 199, 203, 218, 
    220, 223, 226, 226, 228 ]
*]
[* 257,
    [ 0, 0, 2, 15, 16, 17, 26, 27, 29, 33, 37, 41, 56, 61, 69, 69, 80, 80, 81, 
    92, 103, 105, 115, 122, 141, 142, 142, 143, 144, 147, 151, 153, 157, 171, 
    171, 171, 177, 178, 185, 196, 197, 197, 206, 208, 209, 211, 213, 214, 220, 
    227, 229, 230, 234, 235, 235, 236, 242, 254 ]
*]
[* 281,
    [ 2, 3, 10, 18, 25, 26, 28, 41, 42, 43, 46, 47, 48, 52, 60, 71, 79, 84, 90, 
    95, 103, 109, 111, 111, 111, 112, 114, 129, 130, 134, 139, 140, 142, 145, 
    148, 150, 151, 161, 161, 161, 172, 174, 174, 186, 190, 195, 195, 202, 206, 
    216, 228, 232, 233, 234, 242, 243, 247, 253, 256, 258, 272, 273, 275, 279 ]
*]
[* 313,
    [ 0, 1, 3, 19, 26, 27, 31, 32, 33, 40, 42, 42, 44, 47, 57, 62, 90, 101, 104,
    105, 105, 106, 109, 119, 127, 129, 131, 132, 134, 135, 138, 140, 142, 158, 
    158, 177, 179, 195, 195, 197, 198, 201, 209, 212, 219, 221, 225, 232, 236, 
    243, 246, 252, 263, 271, 273, 276, 277, 280, 283, 283, 284, 285, 286, 293, 
    295, 295, 301, 302, 303, 307, 307, 311 ]
*]
[* 337,
    [ 2, 5, 6, 9, 14, 20, 32, 34, 35, 62, 63, 64, 78, 90, 91, 92, 101, 103, 111,
    113, 116, 118, 121, 124, 133, 133, 136, 141, 144, 146, 149, 161, 167, 170, 
    182, 189, 193, 197, 198, 204, 204, 208, 215, 218, 219, 227, 228, 236, 237, 
    241, 243, 251, 255, 265, 267, 270, 270, 271, 273, 274, 277, 279, 280, 291, 
    297, 297, 298, 302, 304, 304, 305, 315, 319, 321, 322, 327, 329, 336 ]
*]
[* 353,
    [ 0, 2, 3, 6, 8, 9, 13, 14, 19, 20, 22, 31, 34, 44, 53, 63, 64, 66, 67, 73, 
    76, 81, 81, 84, 91, 95, 96, 104, 104, 112, 113, 113, 119, 120, 123, 124, 
    130, 133, 135, 138, 140, 149, 156, 159, 159, 177, 179, 182, 182, 183, 185, 
    187, 188, 191, 196, 200, 201, 203, 204, 205, 206, 207, 208, 234, 235, 237, 
    237, 240, 241, 252, 261, 269, 276, 279, 296, 297, 314, 331, 333, 335, 346, 
    349 ]
*]
[* 401,
    [ 5, 9, 12, 15, 21, 26, 47, 52, 54, 56, 60, 71, 71, 74, 74, 81, 81, 85, 88, 
    90, 106, 113, 119, 120, 123, 126, 137, 137, 143, 147, 153, 153, 156, 157, 
    158, 166, 170, 171, 172, 176, 176, 178, 178, 181, 184, 185, 189, 191, 195, 
    197, 202, 205, 212, 216, 218, 220, 228, 228, 233, 242, 247, 257, 274, 275, 
    275, 277, 295, 298, 303, 321, 322, 324, 325, 326, 327, 327, 329, 334, 336, 
    342, 345, 346, 347, 354, 358, 362, 372, 372, 374, 380, 383, 385, 385, 396 ]
*]
[* 409,
    [ 11, 12, 13, 17, 17, 20, 20, 28, 37, 48, 71, 73, 77, 83, 84, 85, 94, 96, 
    104, 106, 109, 110, 111, 111, 115, 125, 127, 134, 147, 150, 150, 152, 153, 
    162, 164, 164, 165, 175, 175, 177, 180, 198, 199, 203, 203, 204, 205, 205, 
    207, 213, 217, 224, 226, 236, 238, 239, 246, 247, 254, 263, 265, 272, 277, 
    278, 280, 288, 288, 294, 299, 303, 328, 331, 332, 332, 340, 342, 350, 350, 
    355, 360, 361, 362, 362, 363, 370, 371, 373, 375, 376, 380, 395, 397, 401, 
    402, 406, 408 ]
*]
[* 433,
    [ 4, 19, 25, 27, 27, 30, 36, 37, 39, 40, 48, 50, 50, 51, 54, 55, 61, 65, 79,
    81, 83, 87, 91, 96, 108, 112, 112, 114, 115, 125, 125, 137, 141, 143, 156, 
    164, 166, 168, 178, 180, 186, 189, 199, 212, 222, 227, 229, 232, 232, 233, 
    235, 238, 240, 240, 247, 247, 247, 251, 255, 256, 260, 264, 269, 276, 278, 
    281, 281, 282, 287, 288, 290, 292, 296, 299, 301, 310, 314, 320, 328, 361, 
    361, 362, 366, 370, 383, 385, 386, 393, 396, 397, 399, 401, 403, 409, 411, 
    411, 413, 415, 419, 423, 431, 432 ]
*]
[* 449,
    [ 3, 5, 7, 8, 14, 15, 17, 25, 27, 39, 42, 42, 44, 50, 51, 53, 53, 53, 70, 
    84, 84, 86, 91, 92, 97, 104, 107, 118, 122, 136, 140, 140, 143, 144, 147, 
    147, 148, 149, 166, 169, 181, 189, 190, 196, 201, 202, 206, 228, 229, 233, 
    234, 236, 239, 242, 242, 244, 251, 253, 255, 256, 259, 262, 267, 282, 287, 
    288, 292, 306, 310, 314, 319, 320, 320, 320, 322, 322, 323, 332, 332, 334, 
    334, 342, 346, 365, 365, 368, 373, 376, 379, 380, 381, 387, 390, 394, 399, 
    399, 408, 418, 420, 422, 426, 439, 440, 441, 442, 443 ]
*]
[* 457,
    [ 4, 7, 8, 8, 11, 13, 28, 43, 48, 48, 50, 50, 56, 60, 65, 65, 67, 71, 75, 
    77, 82, 86, 87, 90, 90, 104, 107, 119, 125, 125, 126, 130, 133, 134, 138, 
    139, 142, 142, 143, 143, 146, 157, 168, 173, 184, 191, 193, 199, 205, 213, 
    214, 216, 221, 221, 228, 230, 232, 235, 235, 237, 239, 242, 245, 248, 250, 
    256, 264, 265, 267, 271, 281, 284, 284, 287, 288, 292, 298, 298, 316, 320, 
    324, 342, 344, 348, 350, 350, 353, 354, 362, 363, 363, 367, 368, 372, 380, 
    383, 389, 394, 400, 400, 417, 422, 423, 426, 430, 436, 438, 448 ]
*]
[* 521,
    [ 1, 3, 6, 13, 14, 16, 17, 24, 29, 31, 35, 37, 37, 41, 50, 57, 65, 71, 75, 
    86, 88, 90, 95, 95, 97, 102, 105, 106, 107, 109, 112, 112, 118, 122, 125, 
    129, 138, 138, 143, 146, 150, 153, 157, 159, 164, 166, 168, 172, 174, 176, 
    180, 182, 189, 194, 194, 205, 205, 211, 214, 220, 220, 221, 226, 227, 229, 
    230, 232, 232, 244, 255, 256, 265, 268, 273, 275, 279, 280, 281, 291, 292, 
    292, 302, 307, 310, 315, 318, 334, 339, 343, 346, 356, 365, 367, 374, 392, 
    395, 407, 409, 412, 415, 415, 417, 418, 418, 420, 423, 429, 430, 435, 436, 
    451, 452, 454, 459, 471, 481, 487, 487, 491, 500, 509, 513, 516, 519 ]
*]
[* 569,
    [ 4, 11, 12, 18, 23, 24, 25, 33, 38, 40, 40, 40, 42, 43, 46, 49, 49, 63, 64,
    64, 65, 71, 77, 88, 90, 104, 108, 113, 123, 124, 131, 134, 135, 139, 142, 
    142, 145, 145, 146, 149, 150, 151, 160, 160, 166, 168, 172, 172, 173, 185, 
    190, 195, 199, 202, 204, 215, 216, 223, 243, 244, 247, 247, 248, 248, 252, 
    253, 256, 258, 258, 259, 265, 266, 268, 282, 288, 291, 294, 297, 300, 303, 
    304, 311, 311, 322, 323, 328, 335, 337, 343, 345, 350, 351, 355, 359, 359, 
    361, 361, 362, 366, 373, 376, 380, 390, 397, 400, 404, 422, 423, 424, 424, 
    431, 433, 438, 439, 442, 446, 450, 450, 452, 471, 472, 472, 474, 492, 494, 
    497, 501, 504, 515, 523, 542, 553, 553, 560, 563, 568 ]
*]
[* 577,
    [ 0, 7, 14, 15, 23, 41, 41, 47, 53, 55, 58, 65, 70, 74, 81, 82, 89, 92, 94, 
    113, 123, 135, 137, 138, 138, 140, 141, 141, 147, 147, 155, 156, 159, 162, 
    164, 166, 168, 171, 172, 177, 178, 180, 183, 192, 195, 198, 201, 203, 206, 
    207, 217, 225, 235, 237, 238, 243, 250, 253, 256, 257, 260, 270, 276, 284, 
    284, 287, 292, 293, 305, 305, 312, 316, 318, 323, 326, 332, 334, 340, 341, 
    341, 342, 343, 345, 346, 350, 352, 361, 364, 379, 389, 389, 393, 393, 395, 
    395, 396, 399, 401, 402, 409, 412, 425, 428, 437, 438, 439, 441, 444, 447, 
    452, 454, 454, 456, 459, 465, 465, 468, 474, 476, 483, 484, 484, 493, 504, 
    510, 519, 520, 527, 529, 536, 541, 544, 544, 548, 550, 553, 561, 571 ]
*]
[* 593,
    [ 1, 3, 5, 5, 7, 8, 13, 19, 30, 32, 34, 37, 39, 44, 47, 57, 69, 77, 82, 85, 
    85, 87, 94, 100, 104, 104, 113, 117, 119, 129, 131, 138, 142, 147, 150, 153,
    154, 162, 167, 168, 168, 172, 176, 184, 188, 192, 193, 194, 200, 201, 210, 
    219, 220, 221, 224, 231, 235, 238, 243, 244, 249, 254, 255, 261, 261, 274, 
    274, 283, 290, 291, 292, 318, 323, 325, 327, 330, 335, 338, 339, 341, 349, 
    352, 353, 356, 359, 365, 368, 368, 373, 384, 387, 387, 387, 397, 401, 408, 
    411, 413, 417, 422, 433, 434, 435, 441, 445, 448, 448, 451, 456, 473, 481, 
    483, 483, 483, 485, 489, 496, 500, 503, 508, 509, 509, 516, 521, 522, 523, 
    536, 537, 538, 543, 547, 547, 549, 549, 552, 559, 560, 563, 576, 579, 585, 
    586 ]
*]
[* 601,
    [ 0, 1, 10, 13, 14, 14, 14, 14, 16, 21, 30, 34, 35, 44, 51, 51, 52, 55, 55, 
    74, 78, 79, 92, 105, 105, 125, 130, 139, 143, 149, 151, 151, 154, 155, 156, 
    160, 164, 165, 166, 167, 168, 175, 175, 177, 180, 194, 194, 199, 203, 203, 
    205, 207, 207, 210, 216, 219, 222, 222, 226, 233, 236, 245, 250, 253, 257, 
    257, 257, 260, 266, 267, 269, 275, 284, 286, 288, 291, 305, 311, 311, 316, 
    319, 323, 325, 327, 333, 337, 338, 341, 350, 362, 362, 367, 367, 373, 379, 
    384, 390, 398, 399, 405, 409, 413, 422, 427, 429, 429, 437, 441, 447, 451, 
    451, 458, 467, 471, 473, 474, 479, 484, 484, 489, 490, 491, 491, 500, 501, 
    505, 507, 507, 518, 521, 532, 532, 533, 534, 534, 536, 541, 548, 557, 558, 
    568, 573, 589, 592 ]
*]
[* 617,
    [ 1, 2, 15, 24, 36, 38, 43, 44, 56, 66, 67, 68, 79, 80, 87, 110, 113, 116, 
    119, 130, 135, 135, 143, 144, 154, 165, 171, 177, 182, 184, 187, 189, 192, 
    201, 206, 209, 211, 218, 224, 225, 226, 226, 226, 228, 230, 231, 235, 238, 
    239, 243, 245, 254, 257, 257, 260, 262, 263, 264, 267, 269, 270, 284, 285, 
    285, 292, 293, 295, 295, 300, 308, 311, 319, 320, 322, 329, 335, 339, 358, 
    360, 363, 365, 369, 371, 373, 376, 381, 385, 388, 389, 391, 392, 393, 399, 
    400, 404, 406, 407, 407, 407, 409, 410, 426, 428, 429, 450, 452, 457, 461, 
    462, 463, 463, 464, 472, 476, 483, 492, 492, 493, 494, 496, 500, 501, 504, 
    505, 506, 517, 525, 527, 530, 531, 540, 541, 547, 556, 560, 568, 569, 577, 
    586, 589, 589, 589, 591, 593, 598, 598, 606, 610 ]
*]
[* 641,
    [ 1, 2, 7, 12, 23, 33, 35, 38, 39, 43, 43, 44, 45, 48, 60, 65, 66, 75, 80, 
    90, 90, 94, 100, 107, 107, 112, 120, 122, 124, 127, 129, 135, 139, 147, 148,
    148, 149, 150, 155, 156, 156, 163, 165, 165, 168, 175, 188, 189, 190, 191, 
    199, 204, 206, 211, 211, 219, 225, 225, 232, 239, 243, 244, 245, 255, 262, 
    262, 264, 265, 268, 269, 269, 271, 275, 276, 279, 281, 287, 291, 294, 298, 
    298, 307, 316, 327, 328, 334, 336, 339, 343, 343, 345, 357, 360, 363, 368, 
    369, 369, 387, 387, 397, 397, 402, 410, 411, 411, 411, 413, 415, 423, 427, 
    432, 442, 446, 451, 451, 452, 457, 458, 466, 470, 477, 482, 493, 496, 497, 
    499, 505, 505, 510, 512, 516, 525, 537, 537, 555, 566, 567, 572, 578, 582, 
    589, 589, 590, 591, 603, 609, 613, 613, 624, 626, 629, 635, 635, 639 ]
*]
