[* 7,
    []
*]
[* 23,
    []
*]
[* 31,
    [ 21 ]
*]
[* 47,
    [ 14, 26, 26, 27, 34 ]
*]
[* 71,
    [ 13, 18, 19, 23, 29, 44, 46, 56, 61, 66, 69 ]
*]
[* 79,
    [ 0, 18, 19, 20, 23, 23, 25, 33, 37, 43, 55, 61, 64 ]
*]
[* 103,
    [ 1, 1, 4, 6, 16, 19, 25, 49, 50, 51, 52, 53, 60, 75, 82, 84, 96, 101, 102 ]
*]
[* 127,
    [ 5, 6, 25, 32, 46, 52, 57, 57, 59, 65, 65, 70, 74, 79, 80, 86, 90, 95, 103,
    104, 109, 120, 120, 125, 126 ]
*]
[* 151,
    [ 0, 1, 13, 20, 24, 26, 27, 32, 42, 43, 47, 54, 61, 63, 66, 67, 71, 73, 87, 
    89, 96, 100, 102, 105, 112, 112, 113, 114, 119, 139, 148 ]
*]
[* 167,
    [ 2, 2, 9, 11, 12, 20, 22, 50, 58, 65, 70, 71, 89, 93, 99, 103, 106, 109, 
    118, 120, 128, 129, 137, 139, 140, 145, 146, 149, 151, 151, 152, 152, 153, 
    158, 164 ]
*]
[* 191,
    [ 4, 5, 5, 7, 12, 14, 14, 26, 30, 32, 33, 42, 44, 60, 70, 70, 72, 73, 77, 
    95, 97, 100, 103, 103, 103, 111, 112, 116, 116, 122, 131, 134, 136, 138, 
    138, 140, 153, 155, 162, 176, 184 ]
*]
[* 199,
    [ 11, 12, 15, 19, 22, 24, 26, 26, 37, 43, 46, 50, 54, 58, 63, 67, 68, 71, 
    72, 78, 81, 83, 83, 83, 89, 102, 104, 104, 104, 106, 118, 140, 156, 159, 
    164, 171, 185, 185, 187, 187, 192, 194, 198 ]
*]
[* 223,
    [ 0, 1, 7, 8, 16, 24, 28, 28, 29, 35, 36, 41, 43, 47, 67, 71, 75, 77, 79, 
    81, 91, 94, 104, 105, 110, 116, 117, 117, 119, 120, 121, 128, 131, 137, 137,
    141, 145, 149, 153, 154, 155, 166, 170, 198, 198, 203, 217, 219, 221 ]
*]
[* 239,
    [ 1, 7, 15, 19, 25, 28, 35, 36, 40, 45, 55, 67, 84, 84, 87, 89, 95, 97, 107,
    111, 112, 113, 123, 123, 123, 125, 126, 130, 137, 143, 147, 152, 153, 163, 
    166, 168, 174, 176, 180, 183, 185, 185, 190, 199, 201, 215, 218, 218, 224, 
    228, 229, 229, 232 ]
*]
[* 263,
    [ 0, 11, 18, 20, 22, 26, 28, 32, 35, 37, 43, 45, 47, 51, 52, 58, 80, 80, 84,
    88, 119, 127, 128, 134, 136, 136, 142, 142, 149, 151, 154, 157, 160, 161, 
    161, 161, 163, 171, 181, 183, 191, 194, 197, 197, 204, 210, 211, 216, 220, 
    220, 235, 240, 241, 242, 247, 247, 250, 253, 260 ]
*]
[* 271,
    [ 3, 9, 10, 12, 18, 19, 39, 40, 51, 54, 56, 58, 63, 65, 68, 71, 74, 76, 84, 
    101, 109, 122, 132, 135, 135, 141, 142, 148, 148, 149, 149, 151, 152, 152, 
    160, 163, 164, 168, 171, 174, 180, 186, 186, 195, 205, 209, 213, 227, 232, 
    233, 233, 236, 239, 240, 248, 249, 252, 256, 257, 264, 270 ]
*]
[* 311,
    [ 8, 38, 42, 43, 49, 54, 59, 60, 62, 64, 70, 73, 79, 82, 82, 84, 94, 99, 
    100, 102, 104, 104, 107, 116, 117, 118, 118, 131, 133, 136, 144, 151, 153, 
    156, 166, 170, 171, 174, 176, 178, 179, 182, 187, 188, 193, 195, 197, 197, 
    199, 202, 202, 207, 230, 230, 232, 234, 235, 264, 272, 276, 285, 286, 287, 
    294, 294, 298, 298, 303, 306, 306, 309 ]
*]
[* 359,
    [ 18, 23, 24, 33, 35, 36, 39, 47, 54, 55, 63, 66, 68, 70, 72, 73, 81, 82, 
    84, 84, 90, 94, 104, 105, 114, 115, 116, 122, 124, 128, 131, 134, 148, 155, 
    155, 155, 164, 182, 186, 187, 192, 195, 195, 195, 196, 196, 197, 200, 204, 
    204, 205, 207, 209, 210, 213, 223, 230, 235, 252, 253, 262, 263, 264, 265, 
    265, 269, 272, 292, 301, 308, 318, 320, 321, 329, 335, 336, 339, 343, 346, 
    351, 351, 352, 358 ]
*]
[* 367,
    [ 16, 18, 22, 22, 23, 23, 28, 32, 33, 39, 42, 44, 44, 61, 77, 81, 81, 83, 
    87, 90, 92, 95, 99, 109, 111, 115, 117, 118, 126, 126, 132, 142, 145, 150, 
    154, 160, 160, 163, 163, 166, 173, 184, 186, 205, 207, 208, 216, 216, 219, 
    221, 224, 226, 232, 235, 236, 241, 241, 242, 249, 252, 254, 257, 261, 265, 
    272, 276, 283, 287, 292, 298, 319, 322, 323, 324, 326, 328, 332, 341, 342, 
    350, 357, 358, 359, 359, 361 ]
*]
[* 383,
    [ 8, 13, 17, 17, 18, 21, 38, 43, 55, 59, 59, 63, 64, 64, 77, 77, 83, 89, 95,
    95, 103, 104, 110, 113, 117, 117, 135, 138, 153, 155, 155, 158, 159, 172, 
    176, 192, 192, 195, 198, 198, 201, 203, 211, 223, 223, 224, 226, 227, 236, 
    239, 243, 243, 246, 249, 249, 253, 254, 255, 255, 257, 257, 261, 275, 280, 
    283, 285, 287, 302, 308, 309, 309, 310, 316, 317, 320, 328, 331, 334, 341, 
    344, 346, 348, 355, 357, 360, 360, 365, 382, 382 ]
*]
[* 431,
    [ 2, 4, 10, 24, 28, 34, 35, 36, 42, 43, 48, 56, 57, 61, 65, 68, 78, 88, 93, 
    97, 98, 105, 107, 111, 119, 125, 126, 130, 144, 144, 146, 148, 150, 152, 
    153, 164, 178, 183, 184, 192, 193, 212, 213, 219, 220, 223, 229, 231, 235, 
    238, 242, 244, 245, 245, 247, 250, 255, 261, 261, 263, 265, 267, 270, 272, 
    277, 277, 277, 284, 301, 301, 304, 305, 307, 308, 310, 310, 312, 313, 316, 
    317, 319, 333, 365, 371, 381, 388, 391, 393, 398, 401, 401, 406, 407, 412, 
    414, 414, 417, 419, 420, 422, 428 ]
*]
[* 439,
    [ 2, 3, 3, 3, 5, 6, 13, 19, 24, 30, 33, 35, 37, 37, 46, 53, 56, 60, 64, 83, 
    97, 98, 100, 103, 109, 114, 116, 116, 119, 120, 124, 128, 135, 148, 161, 
    163, 174, 178, 188, 189, 190, 194, 196, 205, 206, 206, 208, 209, 212, 212, 
    217, 221, 227, 227, 235, 236, 237, 238, 239, 246, 249, 251, 253, 255, 257, 
    260, 262, 264, 270, 271, 275, 278, 310, 312, 312, 320, 325, 326, 331, 333, 
    345, 346, 349, 352, 361, 363, 365, 373, 375, 379, 388, 392, 394, 398, 399, 
    400, 417, 420, 423, 423, 429, 434, 438 ]
*]
[* 463,
    [ 0, 2, 10, 15, 18, 24, 27, 35, 38, 43, 44, 46, 48, 51, 59, 63, 67, 71, 80, 
    89, 93, 96, 97, 98, 103, 104, 107, 110, 111, 112, 115, 118, 119, 125, 132, 
    133, 137, 138, 146, 150, 167, 179, 181, 182, 183, 184, 188, 191, 196, 196, 
    199, 205, 208, 209, 210, 212, 213, 216, 228, 228, 228, 236, 239, 243, 261, 
    263, 268, 279, 283, 284, 287, 289, 304, 315, 318, 322, 324, 329, 330, 334, 
    337, 338, 338, 341, 349, 355, 359, 359, 370, 370, 373, 376, 377, 378, 382, 
    382, 382, 406, 407, 414, 419, 425, 426, 430, 443, 448, 449, 451, 458 ]
*]
[* 479,
    [ 0, 1, 2, 2, 5, 13, 14, 16, 20, 21, 29, 35, 37, 38, 41, 44, 49, 49, 62, 63,
    66, 74, 76, 81, 82, 90, 92, 93, 93, 100, 104, 104, 104, 105, 106, 110, 111, 
    113, 123, 138, 145, 154, 165, 183, 191, 191, 193, 195, 201, 202, 203, 204, 
    215, 216, 221, 224, 225, 227, 228, 229, 230, 234, 239, 240, 241, 243, 261, 
    262, 263, 266, 274, 275, 283, 294, 296, 300, 301, 303, 303, 304, 313, 322, 
    327, 332, 332, 341, 343, 345, 350, 353, 354, 370, 380, 383, 385, 392, 416, 
    423, 424, 426, 429, 431, 438, 439, 449, 455, 456, 462, 465, 470, 475, 477, 
    478 ]
*]
[* 487,
    [ 1, 7, 16, 20, 26, 31, 34, 46, 46, 57, 61, 64, 69, 79, 79, 81, 86, 90, 91, 
    91, 91, 93, 94, 96, 99, 104, 104, 109, 112, 112, 115, 139, 140, 142, 147, 
    151, 161, 162, 163, 166, 168, 172, 179, 183, 191, 193, 204, 207, 213, 214, 
    218, 221, 227, 234, 235, 236, 238, 241, 245, 247, 252, 256, 264, 268, 274, 
    280, 282, 285, 289, 291, 291, 315, 320, 323, 324, 330, 331, 332, 335, 336, 
    337, 342, 345, 354, 357, 367, 369, 370, 376, 376, 384, 387, 399, 402, 405, 
    405, 415, 418, 422, 423, 423, 428, 432, 435, 438, 440, 445, 448, 455, 466, 
    467, 470, 475, 480, 485 ]
*]
[* 503,
    [ 3, 8, 14, 24, 26, 26, 26, 27, 55, 56, 58, 67, 71, 71, 72, 83, 86, 87, 91, 
    95, 96, 97, 100, 102, 112, 115, 118, 124, 125, 131, 132, 134, 135, 145, 150,
    156, 158, 158, 168, 168, 169, 178, 183, 186, 191, 193, 195, 203, 204, 206, 
    213, 213, 217, 230, 231, 232, 232, 233, 235, 239, 240, 242, 248, 252, 265, 
    267, 267, 269, 275, 276, 277, 291, 296, 298, 300, 308, 308, 310, 311, 314, 
    320, 324, 326, 338, 340, 343, 362, 368, 372, 374, 376, 378, 380, 384, 394, 
    408, 411, 414, 423, 433, 440, 442, 444, 449, 450, 450, 451, 451, 455, 460, 
    460, 463, 469, 480, 483, 485, 487, 492, 495 ]
*]
[* 599,
    [ 0, 7, 11, 15, 18, 20, 21, 25, 36, 46, 56, 59, 61, 63, 65, 66, 67, 74, 75, 
    77, 97, 102, 104, 106, 109, 118, 121, 122, 123, 125, 133, 137, 138, 141, 
    142, 148, 151, 151, 156, 159, 159, 175, 183, 199, 200, 202, 202, 205, 205, 
    208, 208, 229, 233, 237, 238, 244, 253, 255, 256, 257, 264, 265, 274, 274, 
    278, 280, 285, 287, 292, 296, 299, 301, 303, 306, 314, 324, 331, 338, 347, 
    350, 358, 366, 367, 371, 379, 387, 388, 388, 390, 409, 418, 419, 419, 422, 
    428, 434, 441, 444, 445, 450, 455, 458, 459, 461, 467, 467, 469, 471, 478, 
    479, 488, 488, 488, 500, 512, 512, 515, 517, 518, 523, 524, 524, 525, 528, 
    534, 542, 550, 557, 559, 563, 565, 567, 567, 568, 573, 581, 583, 587, 591, 
    593, 594, 595, 597 ]
*]
[* 607,
    [ 2, 3, 7, 9, 13, 13, 15, 17, 17, 19, 21, 21, 26, 43, 45, 47, 51, 51, 54, 
    59, 62, 69, 81, 86, 86, 87, 88, 106, 109, 110, 114, 120, 121, 123, 131, 132,
    137, 140, 146, 147, 148, 152, 172, 178, 178, 185, 186, 189, 197, 199, 205, 
    212, 212, 212, 217, 219, 221, 227, 230, 232, 234, 247, 251, 255, 255, 256, 
    256, 260, 260, 267, 268, 272, 282, 293, 297, 304, 304, 305, 305, 306, 311, 
    314, 320, 320, 321, 327, 330, 333, 345, 346, 350, 355, 355, 357, 361, 361, 
    362, 367, 370, 374, 379, 386, 387, 391, 409, 409, 424, 434, 435, 439, 448, 
    449, 455, 460, 466, 474, 487, 498, 499, 503, 509, 512, 513, 517, 526, 531, 
    534, 536, 537, 538, 540, 542, 549, 554, 563, 572, 577, 578, 583, 588, 592, 
    593, 593, 595, 601 ]
*]
[* 631,
    [ 4, 10, 11, 16, 23, 25, 26, 33, 33, 33, 39, 40, 42, 46, 51, 62, 64, 65, 68,
    70, 71, 72, 77, 90, 100, 103, 105, 107, 118, 123, 125, 126, 127, 127, 130, 
    131, 131, 142, 156, 158, 158, 160, 161, 163, 168, 169, 171, 173, 174, 175, 
    190, 193, 195, 196, 196, 200, 201, 205, 215, 220, 229, 237, 240, 240, 241, 
    253, 253, 254, 260, 266, 272, 283, 292, 303, 314, 315, 317, 320, 323, 325, 
    326, 332, 334, 339, 346, 351, 355, 358, 360, 370, 371, 387, 387, 389, 391, 
    393, 394, 395, 397, 401, 404, 408, 409, 411, 414, 419, 421, 426, 426, 447, 
    447, 447, 457, 462, 467, 471, 483, 485, 488, 490, 493, 500, 504, 509, 511, 
    513, 514, 516, 526, 534, 546, 552, 558, 560, 563, 565, 567, 568, 577, 580, 
    582, 583, 590, 598, 607, 614, 620, 620, 621, 627, 628 ]
*]
[* 647,
    [ 0, 2, 3, 15, 30, 30, 38, 54, 55, 57, 66, 67, 67, 70, 70, 72, 77, 78, 79, 
    84, 88, 93, 95, 96, 102, 130, 131, 138, 142, 147, 158, 165, 165, 168, 170, 
    173, 173, 182, 182, 188, 192, 193, 193, 201, 204, 204, 207, 213, 217, 227, 
    231, 232, 236, 237, 246, 248, 252, 255, 279, 280, 286, 289, 290, 291, 297, 
    298, 302, 305, 306, 307, 310, 313, 314, 316, 323, 327, 352, 355, 355, 364, 
    381, 387, 391, 398, 399, 405, 405, 410, 410, 411, 416, 418, 425, 433, 433, 
    434, 435, 436, 437, 440, 440, 442, 443, 445, 446, 447, 448, 449, 456, 458, 
    459, 461, 478, 479, 485, 492, 499, 502, 503, 504, 512, 517, 519, 521, 527, 
    528, 528, 531, 547, 554, 554, 557, 565, 570, 570, 572, 574, 575, 575, 587, 
    591, 597, 605, 606, 613, 616, 617, 621, 630, 630, 631, 634, 642, 643, 645 ]
*]
